1
2
3
10
12
14
15
16
18
19
20
22
23
24
25
26
27
28
29
31
32
33
34
35
36
37
38
39
40
42
43
44
46
47
48
49
51
52
54
55
56
57
59
61
62
63
64
65
67
68
74
75
77
80
81
85
88
89
90
91
92
93
94
95
96
97
99
100
104
106
108
112
113
114
115
116
117
118
120
121
123
124
125
126
129
130
132
134
135
137
139
140
144
145
150
153
154
155
156
157
158
160
161
162
163
164
165
166
169
170
171
172
173
174
175
176
178
183
187
188
190
193
195
196
198
201
202
203
204
206
207
209
211
214
215
216
219
221
222
223
224
225
226
228
229
232
234
235
237
239
240
241
242
244
245
247
248
249
250
251
254
261
262
263
264
267
268
269
274
277
278
279
280
281
283
285
288
291
293
294
295
296
297
301
302
303
304
305
307
308
309
310
311
312
313
314
316
317
318
319
322
323
324
326
327
328
329
331
335
336
337
338
339
342
343
344
345
346
347
349
350
352
354
355
356
360
363
364
365
366
367
370
371
372
373
374
375
376
377
378
379
380
381
382
383
384
385
386
388
389
390
391
392
393
394
395
396
397
398
399
400
407
408
409
410
411
412
413
414
415
416
417
418
419
420
421
422
423
424
425
426
427
428
429
430
431
432
433
434
435
437
438
439
440
441
442
443
444
445
446
447
448
449
450
451
452
453
454
455
456
458
459
460
461
462
463
464
465
466
467
468
469
470
471
472
473
474
475
476
477
478
479
483
523
524
525
527
528
529
530
531
532
533
534
535
536
537
538
546
547
548
550
551
552
553
554
556
557
558
559
560
561
562
564
565
566
567
569
570
571
572
573
575
576
577
578
579
580
581
582
585
586
587
588
589
590
591
593
594
595
596
597
598
599
600
601
602
604
605
606
607
608
610
611
612
641
642
643
644
646
647
648
652
653
654
655
656
657
658
659
660
662
663
664
665
666
667
668
670
671
672
676
678
680
682
689
690
693
694
695
696
715
716
717
719
720
721
722
723
724
725
726
727
728
731
734
736
739
740
741
743
744
745
748
749
750
751
753
756
759
762
766
767
768
769
770
771
772
773
777
778
779
780
781
783
784
785
786
787
788
789
790
794
795
797
799
801
802
805
807
809
810
811
812
813
814
816
817
818
821
822
823
825
826
827
828
829
830
831
832
833
834
835
876
878
880
882
883
884
885
886
888
889
891
893
915
916
917
953
954
955
958
959
960
962
965
966
967
968
970
974
977
978
979
980
981
982
983
986
987
988
989
990
994
995
996
998
999
1003
1004
1007
1008
1012
1013
1014
1016
1017
1019
1021
1025
1028
1029
1034
1036
1037
1038
1039
1065
1067
1068
1069
1070
1071
1075
1076
1077
1080
1081
1087
1088
1092
1093
1094
1095
1097
1110
1111
1113
1114
1116
1118
1120
1121
1122
1142
1143
1144
1145
1146
1147
1149
1153
1154
1155
1156
1157
1159
1160
1161
1163
1165
1166
1168
1171
1173
1174
1176
1179
1181
1184
1185
1187
1189
1208
1211
1213
1214
1216
1217
1219
1220
1221
1222
1227
1302
1303
1305
1311
1312
1316
1319
1321
1322
1327
1329
1331
1332
1333
1334
1335
1336
1338
1340
1343
1347
1418
1421
1425
1426
1429
1431
1432
1433
1435
1436
1438
1439
1440
1441
1443
1445
1446
1448
1449
1451
1452
1453
1457
1460
1461
1463
1465
1466
1469
1470
1471
1472
1476
1477
1478
1480
1483
1484
1486
1488
1490
1492
1493
1494
1498
1499
1501
1502
1506
1507
1508
1512
1515
1517
1518
1519
1522
1523
1524
1526
1530
1535
1536
1538
1540
1543
1544
1545
1546
1548
