1003
1004
1007
1008
100
1012
1013
1014
1016
1017
1019
1020
1021
1025
1028
1029
1034
1036
1037
1038
1039
104
1065
1067
1068
1069
106
1070
1071
1075
1076
1077
1080
1081
1087
1088
108
1092
1093
1094
1095
1097
10
1110
1111
1113
1114
1116
1118
1120
1121
1122
112
113
1142
1143
1144
1145
1146
1147
1149
114
1153
1154
1155
1156
1157
1159
115
1160
1161
1163
1165
1166
1168
116
1171
1173
1174
1176
1179
117
1181
1184
1185
1187
1189
118
1208
120
1211
1213
1214
1216
1217
1219
121
1220
1221
1222
1227
123
124
125
126
129
12
1302
1303
1305
130
1311
1312
1316
1319
1321
1322
1327
1329
132
1331
1332
1333
1334
1335
1336
1338
1340
1343
1347
134
135
137
139
140
1418
1421
1425
1426
1429
1431
1432
1433
1435
1436
1438
1439
1440
1441
1443
1445
1446
1448
1449
144
1451
1452
1453
1457
145
1460
1461
1463
1465
1466
1469
1470
1471
1472
1476
1477
1478
1480
1483
1484
1486
1488
1490
1492
1493
1494
1498
1499
14
1501
1502
1506
1507
1508
150
1512
1515
1517
1518
1519
1522
1523
1524
1526
1530
1535
1536
1538
153
1540
1543
1544
1545
1546
1548
154
155
156
157
158
15
160
161
162
163
164
165
166
169
16
170
171
172
173
174
175
176
178
183
187
188
18
190
193
195
196
198
19
1
201
202
203
204
206
207
209
20
211
214
215
216
219
221
222
223
224
225
226
228
229
22
232
234
235
237
239
23
240
241
242
244
245
247
248
249
24
250
251
254
25
261
262
263
264
267
268
269
26
274
277
278
279
27
280
281
283
285
288
28
291
293
294
295
296
297
29
2
301
302
303
304
305
307
308
309
310
311
312
313
314
315
316
317
318
319
31
322
323
324
326
327
328
329
32
331
335
336
337
338
339
33
342
343
344
345
346
347
349
34
350
352
354
355
356
35
360
363
364
365
366
367
36
370
371
372
373
374
375
376
377
378
379
37
380
381
382
383
384
385
386
388
389
38
390
391
392
393
394
395
396
397
398
399
39
3
400
407
408
409
40
410
411
412
413
414
415
416
417
418
419
420
421
422
423
424
425
426
427
428
429
42
430
431
432
433
434
435
437
438
439
43
440
441
442
443
444
445
446
447
448
449
44
450
451
452
453
454
455
456
458
459
460
461
462
463
464
465
466
467
468
469
46
470
471
472
473
474
475
476
477
478
479
47
483
48
49
51
523
524
525
527
528
529
52
530
531
532
533
534
535
536
537
538
546
547
548
54
550
551
552
553
554
556
557
558
559
55
560
561
562
564
565
566
567
569
56
570
571
572
573
575
576
577
578
579
57
580
581
582
585
586
587
588
589
590
591
593
594
595
596
597
598
599
59
600
601
602
604
605
606
607
608
610
611
612
61
62
63
641
642
643
644
646
647
648
64
652
653
654
655
656
657
658
659
65
660
662
663
664
665
666
667
668
670
671
672
676
678
67
680
682
689
68
690
693
694
695
696
715
716
717
719
720
721
722
723
724
725
726
727
728
731
734
736
739
740
741
743
744
745
748
749
74
750
751
753
756
759
75
762
766
767
768
769
770
771
772
773
777
778
779
77
780
781
783
784
785
786
787
788
789
790
794
795
797
799
801
802
805
807
809
80
810
811
812
813
814
816
817
818
81
821
822
823
825
826
827
828
829
830
831
832
833
834
835
85
876
878
880
882
883
884
885
886
888
889
88
891
893
89
90
915
916
917
91
92
93
94
953
954
955
958
959
95
960
962
965
966
967
968
96
970
974
977
978
979
97
980
981
982
983
986
987
988
989
990
994
995
996
998
999
99
GHSA-22cm-3qf2-2wc7
GHSA-2548-q746-x5x6
GHSA-257v-vj4p-3w2h
GHSA-2cf2-2383-h4jv
GHSA-2f6g-w5gj-c93h
GHSA-2hw7-mxvj-m455
GHSA-2m8v-572m-ff2v
GHSA-2mm9-c2fx-c7m4
GHSA-2v5f-23xc-v9qr
GHSA-333x-qr3v-g4xx
GHSA-339j-hqgx-qrrx
GHSA-35g4-qx3c-vjhx
GHSA-35jh-r3h4-6jhm
GHSA-35q2-47q7-3pc3
GHSA-39q4-p535-c852
GHSA-3c6g-pvg8-gqw2
GHSA-3crj-w4f5-gwh4
GHSA-3fr8-mwpp-8h9p
GHSA-3r8w-mphv-2f3f
GHSA-3rh3-wfr4-76mj
GHSA-3wj8-vp9h-rm6m
GHSA-4228-7qvx-f4rq
GHSA-43ch-2h55-2vj7
GHSA-43f8-2h32-f4cj
GHSA-4449-hg37-77v8
GHSA-45w5-pvr8-4rh5
GHSA-487w-pqcm-63hq
GHSA-49q3-8867-5wmp
GHSA-49wp-qq6x-g2rf
GHSA-4fc4-chg7-h8gh
GHSA-4gfq-6m28-m5mg
GHSA-4j46-mp85-mv8c
GHSA-4j54-mxf6-wxx2
GHSA-4q97-fh3f-j294
GHSA-4r62-v4vq-hr96
GHSA-4rv9-5vc4-88cg
GHSA-4wv4-mgfq-598v
GHSA-52mq-6jcv-j79x
GHSA-52qp-gwwh-qrg4
GHSA-545q-3fg6-48m7
GHSA-57f3-gghm-9mhc
GHSA-58qp-5328-v7mh
GHSA-5pg7-v24c-9rp9
GHSA-5q6m-3h65-w53x
GHSA-5w25-hxp5-h8c9
GHSA-5wqj-f379-6jh4
GHSA-6495-8jvh-f28x
GHSA-662x-fhqg-9p8v
GHSA-67mm-m3wx-j7fr
GHSA-6c3f-p5wp-34mh
GHSA-6cf8-qhqj-vjqm
GHSA-6fc8-4gx4-v693
GHSA-6fw4-hr69-g3rv
GHSA-6g8v-hpgw-h2v7
GHSA-6hwh-rqwf-cxxr
GHSA-6m8p-4fxj-pgc2
GHSA-6q4w-3wp4-q5wf
GHSA-6xv6-jpvw-cx6q
GHSA-753c-phhg-cj29
GHSA-78cj-fxph-m83p
GHSA-79jw-6wg7-r9g4
GHSA-7h8x-wmq2-7mff
GHSA-7jh9-6cpf-h4m7
GHSA-7p8h-86p5-wv3p
GHSA-7qmm-q394-fmch
GHSA-7r28-3m3f-r2pr
GHSA-7r96-8g3x-g36m
GHSA-7vm7-j8p7-h346
GHSA-7wpw-2hjm-89gp
GHSA-85cp-p426-42f5
GHSA-85g2-29m8-qf2p
GHSA-8796-gc9j-63rv
GHSA-8f89-2fwj-5v5r
GHSA-8mrf-64fw-2x75
GHSA-8pww-pp5r-rff8
GHSA-8qpm-5c82-rf96
GHSA-8vv3-jxm8-f4vf
GHSA-9534-h433-2rjf
GHSA-9829-jj5p-j6hf
GHSA-9fgx-q25h-jxrg
GHSA-9fhw-r42p-5c7r
GHSA-9m6j-fcg5-2442
GHSA-9qmh-276g-x5pj
GHSA-c497-v8pv-ch6x
GHSA-c4qr-gmr9-v23w
GHSA-c4w7-xm78-47vh
GHSA-c94v-8fff-73ph
GHSA-cf4h-3jhx-xvhq
GHSA-cg42-4wrc-gp47
GHSA-cgc7-mwp4-3ccx
GHSA-cwcx-rxgc-cmw3
GHSA-cwg9-c9cr-p5fq
GHSA-cwx2-736x-mf6w
GHSA-f2rp-38vg-j3gh
GHSA-f38p-c2gq-4pmr
GHSA-f4hq-453j-p95f
GHSA-f5c9-x9j6-87qp
GHSA-f7vx-j8mp-3h2x
GHSA-f8fh-8rgm-227h
GHSA-f98m-q3hr-p5wq
GHSA-fc42-h7q4-qp8h
GHSA-fg5w-w99f-rj6w
GHSA-fmf5-j5j9-99pp
GHSA-fmrr-mx6j-h3h5
GHSA-fpm5-vv97-jfwg
GHSA-fq6p-x6j3-cmmq
GHSA-frpw-jrwx-hcfv
GHSA-fw2f-7f87-5r6c
GHSA-fxwf-4rqh-v8g3
GHSA-g4hj-r7r3-9rwv
GHSA-g4xj-wcq6-qwx5
GHSA-gg2g-m5wc-vccq
GHSA-gh78-48h3-frjq
GHSA-gmjw-49p4-pcfm
GHSA-gr58-j5wh-m333
GHSA-h33p-5j96-w8qh
GHSA-h4hr-7fg3-h35w
GHSA-h4j5-c7cj-74xg
GHSA-h6q6-9hqw-rwfv
GHSA-hfwx-c7q6-g54c
GHSA-hgmg-hhc8-g5wr
GHSA-hwj9-h5mp-3pm3
GHSA-j32x-j8pj-pg2h
GHSA-j4rw-x3vg-c8r7
GHSA-j665-rvj7-2jv9
GHSA-j6px-jwvv-vpwq
GHSA-j7cg-h9v9-6vqp
GHSA-jff2-qjw8-5476
GHSA-jh2m-j8pp-55rc
GHSA-jpq3-xf27-5jf2
GHSA-jqh7-w5pr-cr56
GHSA-jv35-xqg7-f92r
GHSA-jvf5-q4h5-2jmj
GHSA-jxcc-g75x-qgw9
GHSA-jxg6-fhwc-9v9c
GHSA-jxwx-85vp-gvwm
GHSA-m33v-338h-4v9f
GHSA-m428-jqc4-2p5j
GHSA-m5pj-vjjf-4m3h
GHSA-m647-5wf9-3jp3
GHSA-m6rw-m2v9-7hx4
GHSA-mfwh-5m23-j46w
GHSA-mjxr-4v3x-q3m4
GHSA-mm4f-47ch-f7hx
GHSA-p3hc-fv2j-rp68
GHSA-p493-635q-r6gr
GHSA-p6j9-7xhc-rhwp
GHSA-p6jh-p7q8-pcrg
GHSA-pch5-whg9-qr2r
GHSA-pf2j-9qmp-jqr2
GHSA-pg53-56cg-4m8q
GHSA-pgmg-gf5p-54j8
GHSA-ph32-23p8-9rw5
GHSA-pmw4-jgxx-pcq9
GHSA-pxcc-hj8w-fmm7
GHSA-q4h8-7qff-gh6c
GHSA-q6pj-jh94-5fpr
GHSA-q8pj-2vqx-8ggc
GHSA-qc65-cgvr-93p6
GHSA-qcg2-h349-vwm3
GHSA-qfxv-qqvg-24pg
GHSA-qm28-7hqv-wg5j
GHSA-qmw8-3v4g-gwj4
GHSA-qr4m-jcvc-3382
GHSA-qr4p-c9wr-phr6
GHSA-qr9h-vr5p-pwwx
GHSA-qwp9-52h8-xgg8
GHSA-qxg5-2qff-p49r
GHSA-r3j7-x2g5-9gx6
GHSA-r578-pj6f-r4ff
GHSA-r9p9-mrjm-926w
GHSA-r9vm-rhmf-7hxx
GHSA-rc4q-9m69-gqp8
GHSA-rgfv-v3jh-7ffp
GHSA-rhwp-9vm9-547q
GHSA-rj44-gpjc-29r7
GHSA-rj5f-7c8x-gjg4
GHSA-rjqq-98f6-6j3r
GHSA-rrqm-p222-8ph2
GHSA-rwxp-hwwf-653v
GHSA-v2jv-33gh-xx29
GHSA-v3px-6cc8-f8j3
GHSA-v659-54cx-g4qr
GHSA-v756-4whv-48vc
GHSA-vh5w-fg69-rc8m
GHSA-vh6r-g38f-q3w8
GHSA-vh8f-xw5v-8993
GHSA-vhhw-xjvf-wprr
GHSA-vm67-7vmg-66vm
GHSA-vp77-fqqp-79j8
GHSA-vrr3-5r3v-7xfw
GHSA-vx3p-948g-6vhq
GHSA-w46j-8hm6-h8mm
GHSA-w83x-fp72-p9qc
GHSA-w8f3-pvx4-4c3h
GHSA-wgfq-7857-4jcc
GHSA-whq6-mj2r-mjqc
GHSA-wj6h-7chw-x4h2
GHSA-wq7q-5v6j-xfv6
GHSA-ww4j-c2rq-47q8
GHSA-x3wr-v4wx-5qpc
GHSA-x56p-c8cg-q435
GHSA-x67x-98x7-wv26
GHSA-xfhp-gmh8-r8v2
GHSA-xgh6-85xh-479p
GHSA-xmh9-rg6f-j3mr
GHSA-xmxh-g7wj-8m4m
GHSA-xr8h-53xr-jhcm
GHSA-xr9h-9m79-x29g
GHSA-xw22-wv29-3299
